[gd_scene load_steps=5 format=3 uid="uid://bu5ncxnjs0vfw"]

[ext_resource type="Texture2D" uid="uid://brrt3lj5d852r" path="res://icon.svg" id="1_v0v05"]

[sub_resource type="ProceduralSkyMaterial" id="ProceduralSkyMaterial_x47qo"]

[sub_resource type="Sky" id="Sky_uri1i"]
sky_material = SubResource("ProceduralSkyMaterial_x47qo")

[sub_resource type="Environment" id="Environment_cx4y2"]
background_mode = 2
sky = SubResource("Sky_uri1i")

[node name="Node3D" type="Node3D"]
transform = Transform3D(-0.706069, -0.676816, 0.208293, -0.517152, 0.693764, 0.501243, -0.483756, 0.246193, -0.839862, 0.0245374, 0.0212429, 0.0460429)

[node name="Sprite3D" type="Sprite3D" parent="."]
transform = Transform3D(0.665901, -0.573835, 0.476749, 0.704126, 0.694597, -0.147446, -0.246539, 0.433876, 0.866585, 0.0204112, 0.00448575, 0.0370691)
texture = ExtResource("1_v0v05")

[node name="Sprite3D" type="Sprite3D" parent="Sprite3D"]
transform = Transform3D(0.940017, 0.0243579, -0.340259, -0.0407708, 0.998321, -0.0411707, 0.338685, 0.052574, 0.93943, -1.44638, 1.12728, -0.127977)
texture = ExtResource("1_v0v05")

[node name="Camera3D" type="Camera3D" parent="."]
transform = Transform3D(-0.709035, -0.492708, -0.504489, -0.673963, 0.68396, 0.279235, 0.207469, 0.537994, -0.817019, -1.79181, 0.797971, -2.04204)
fov = 107.675

[node name="CSGBox3D" type="CSGBox3D" parent="."]
transform = Transform3D(-0.343691, -0.598976, 0.723259, 0.791724, -0.599006, -0.119849, 0.505023, 0.531431, 0.680098, -0.662016, -0.910441, -0.0354261)
size = Vector3(0.632324, 0.744263, 1)

[node name="DirectionalLight3D" type="DirectionalLight3D" parent="."]
transform = Transform3D(-0.20756, -0.97301, 0.100844, -0.209839, 0.144976, 0.966928, -0.955451, 0.179535, -0.234267, -0.957014, 2.41748, -1.60125)

[node name="WorldEnvironment" type="WorldEnvironment" parent="."]
environment = SubResource("Environment_cx4y2")
